hisC	0.6106194690265486	0.3893805309734513
yeeA	0.0	0.0
yeeA	0.0	0.0
hisB	0.3274336283185841	0.5752212389380531
hisB	0.07964601769911504	0.5752212389380531
hisB	0.5752212389380531	0.5752212389380531
hisA	0.6637168141592921	0.6637168141592921
hisD	0.0	0.0
hisD	0.0	0.0
hisD	0.0	0.0
gnd	0.0	0.0
gnd	0.0	0.0
gnd	0.24778761061946902	0.0
ugd	0.0	0.2743362831858407
ugd	0.2743362831858407	0.2743362831858407
ugd	0.0	0.2743362831858407
ugd	0.02654867256637168	0.2743362831858407
	0.0	0.0
	0.0	0.0
	0.0	0.0
wcaJ	0.0	0.0
wcaJ	0.0	0.0
wcaJ	0.0	0.0
wcaJ	0.0	0.0
	0.0	0.0
	0.0	0.0
	0.0	0.0
	0.0	0.0
	0.0	0.0
	0.0	0.0
hisD	0.0	0.0
hisD	0.0	0.0
hisD	0.0	0.0
gnd	0.0	0.0
ugd	0.017699115044247787	0.23008849557522124
ugd	0.008849557522123894	0.23008849557522124
ugd	0.23008849557522124	0.23008849557522124
ugd	0.04424778761061947	0.23008849557522124
gnd	0.8584070796460177	0.12389380530973451
gnd	0.0	0.12389380530973451
gnd	0.12389380530973451	0.12389380530973451
	0.0	0.0
	0.0	0.0
gnd	0.0	0.8407079646017699
gnd	0.061946902654867256	0.8407079646017699
gnd	0.8407079646017699	0.8407079646017699
wcaJ	0.02654867256637168	0.0
wcaJ	0.0	0.0
gnd	0.9823008849557522	0.9823008849557522
gnd	0.0	0.9823008849557522
gnd	0.0	0.9823008849557522
ugd	0.20353982300884957	0.08849557522123894
	0.0	0.0
	0.0	0.0
	0.0	0.0
	0.0	0.0
	0.0	0.0
	0.0	0.0
	0.0	0.0
hisG	0.45132743362831856	0.5398230088495575
hisC	0.30973451327433627	0.30973451327433627
hisC	0.6902654867256637	0.30973451327433627
gnd	0.0	0.7079646017699115
gnd	0.2743362831858407	0.7079646017699115
gnd	0.0	0.7079646017699115
gnd	0.7079646017699115	0.7079646017699115
